testError:0.216304330019
testHSError:0.3804307993
testPUError:0.105811403509
truthFraction:0.402349317649
response:0.989195111464
HS retained:0.940974270279
PU retained:0.279493220058

