testError:0.189780304396
testHSError:0.355307626532
testPUError:0.0783442982456
truthFraction:0.402349317649
response:1.00523956533
HS retained:0.955357249376
PU retained:0.289123307821

